Position	Rarity	Highest_MAF
1	1048481		ultra_rare 0.0008
1	1049785		ultra_rare 0
1	1334058		ultra_rare 0.0008
1	1719557		ultra_rare 0.0008
1	2304226		ultra_rare 0.0008
1	2305983		ultra_rare 0.0008
1	2408469		ultra_rare 0.0008
1	2565484		ultra_rare 0.0008
1	2592668		ultra_rare 0.0008
1	2603801		ultra_rare 0.0008
1	3426213		ultra_rare 0.0008
1	5986173		ultra_rare 0.0008
1	6464359		ultra_rare 0.0008
1	9718720		ultra_rare 0.0008
1	9729013		ultra_rare 0.0008
1	9731282		ultra_rare 0.0008
1	9733416		ultra_rare 0.0008
1	10295062		ultra_rare 0.0008
1	10303827		ultra_rare 0.0008
1	11034790		ultra_rare 0.0008
1	15506000		ultra_rare 0.0008
1	15736421		ultra_rare 0.0008
1	15736701		ultra_rare 0.0008
1	15737907		ultra_rare 0.0008
1	15739116		ultra_rare 0.0008
1	16135639		ultra_rare 0.0008
1	16421938		ultra_rare 0.0008
1	18902550		ultra_rare 0.0008
1	20652643		ultra_rare 0.0008
1	20664481		ultra_rare 0.0008
1	20672016		ultra_rare 0.0008
1	21258669		ultra_rare 0.0008
1	21563291		ultra_rare 0.0008
1	21577327		ultra_rare 0.0008
1	22511394		ultra_rare 0.0008
1	22906641		ultra_rare 0.0008
1	23874575		ultra_rare 0.0008
1	36098100		ultra_rare 0.0008
1	36467810		ultra_rare 0.0008
1	36468158		ultra_rare 0.0008
1	37817287		ultra_rare 0.0008
1	40831133		ultra_rare 0.0008
1	42747321		ultra_rare 0.0008
1	43426818		ultra_rare 0.0008
1	45015308		ultra_rare 0.0008
1	45714366		ultra_rare 0.0008
1	45727571		ultra_rare 0.0008
1	46310262		ultra_rare 0.0008
1	46799306		ultra_rare 0.0008
1	46811262		ultra_rare 0.0008
1	46813470		ultra_rare 0.0008
1	46818225		ultra_rare 0.0008
1	53210174		ultra_rare 0.0008
1	55008508		ultra_rare 0.0008
1	55043924		ultra_rare 0.0008
1	56706304		ultra_rare 0.0008
1	56933279		ultra_rare 0.0008
1	64869262		ultra_rare 0.0008
1	67042397		ultra_rare 0.0008
1	70411353		ultra_rare 0.0008
1	74353223		ultra_rare 0.0008
1	78628358		ultra_rare 0.0008
1	92677267		ultra_rare 0.0008
1	94019563		ultra_rare 0
1	94019702		ultra_rare 0.0008
1	94475426		ultra_rare 0.0008
1	99870502		ultra_rare 0.0008
1	102881834		ultra_rare 0.0008
1	103002282		ultra_rare 0.0008
1	103017823		ultra_rare 0.0008
1	110341316		ultra_rare 0.0008
1	111227652		ultra_rare 0.0008
1	113896090		ultra_rare 0.0008
1	114673470		ultra_rare 0.0008
1	115286243		ultra_rare 0.0008
1	116037408		ultra_rare 0
1	118055696		ultra_rare 0.0008
1	118091916		ultra_rare 0.0008
1	118884932		ultra_rare 0.0008
1	119741896		ultra_rare 0.0008
1	119925660		ultra_rare 0.0008
1	119966426		ultra_rare 0.0008
1	147758030		ultra_rare 0.0008
1	150072348		ultra_rare 0.0008
1	150557990		ultra_rare 0.0008
1	154569843		ultra_rare 0.0008
1	154575741		ultra_rare 0.0008
1	155357822		ultra_rare 0.0008
1	156556645		ultra_rare 0.0008
1	156572624		ultra_rare 0.0008
1	156937035		ultra_rare 0.0008
1	156941468		ultra_rare 0.0008
1	157700529		ultra_rare 0.0008
1	158657474		ultra_rare 0.0008
1	158685198		ultra_rare 0.0008
1	160041995		ultra_rare 0.0008
1	160425141		ultra_rare 0.0008
1	161631264		ultra_rare 0.0008
1	168312745		ultra_rare 0.0008
1	169555357		ultra_rare 0.0008
1	169618994		ultra_rare 0.0008
1	171161316		ultra_rare 0.0008
1	175323397		ultra_rare 0.0008
1	181763630		ultra_rare 0.0008
1	183215556		ultra_rare 0.0008
1	185909413		ultra_rare 0.0008
1	186061883		ultra_rare 0.0008
1	186070667		ultra_rare 0.0008
1	196652099		ultra_rare 0
1	196652124		ultra_rare 0.0008
1	196779897		ultra_rare 0.0008
1	197100693		ultra_rare 0.0008
1	197117819		ultra_rare 0.0008
1	197135189		ultra_rare 0.0008
1	201066784		ultra_rare 0.0008
1	201069611		ultra_rare 0.0008
1	201075485		ultra_rare 0.0008
1	201386476		ultra_rare 0.0008
1	202604444		ultra_rare 0.0008
1	204155806		ultra_rare 0.0008
1	204156595		ultra_rare 0.0008
1	204537556		ultra_rare 0.0008
1	205525323		ultra_rare 0.0008
1	205917244		ultra_rare 0.0008
1	206461456		ultra_rare 0.0008
1	206772182		ultra_rare 0.0008
1	206932750		ultra_rare 0.0008
1	207124066		ultra_rare 0.0008
1	207126913		ultra_rare 0.0008
1	209618115		ultra_rare 0.0008
1	215625671		ultra_rare 0.0008
1	215680355		ultra_rare 0.0008
1	216421914		ultra_rare 0.0008
1	222629915		ultra_rare 0.0008
1	226891891		ultra_rare 0.0008
1	226984687		ultra_rare 0.0008
1	228216984		ultra_rare 0.0008
1	228274753		ultra_rare 0
1	228303603		ultra_rare 0.0008
1	228316065		ultra_rare 0.0008
1	228372323		ultra_rare 0.0008
1	228377751		ultra_rare 0.0008
1	230236057		ultra_rare 0.0008
1	235808430		ultra_rare 0.0008
1	236754155		ultra_rare 0.0008
1	236863612		ultra_rare 0.0008
1	237654222		ultra_rare 0.0008
1	237680425		ultra_rare 0.0008
1	239907460		ultra_rare 0.0008
1	243304791		ultra_rare 0.0008
1	243488803		ultra_rare 0.0008
1	243615010		ultra_rare 0.0008
10	366194		ultra_rare 0.0008
10	3776006		ultra_rare 0.0008
10	5393640		ultra_rare 0.0008
10	5429201		ultra_rare 0.0008
10	5446626		ultra_rare 0.0008
10	5914325		ultra_rare 0
10	13116207		ultra_rare 0.0008
10	14932842		ultra_rare 0.0008
10	15135151		ultra_rare 0.0008
10	16888609		ultra_rare 0.0008
10	16901438		ultra_rare 0.0008
10	17084480		ultra_rare 0.0008
10	17110970		ultra_rare 0.0008
10	26120703		ultra_rare 0.0008
10	26246035		ultra_rare 0.0008
10	27066474		ultra_rare 0.0008
10	27066474		ultra_rare 0.0008
10	27171103		ultra_rare 0
10	45443635		ultra_rare 0.0008
10	48814324		ultra_rare 0.0008
10	48822557		ultra_rare 0.0008
10	48959777		ultra_rare 0.0008
10	50245387		ultra_rare 0.0008
10	53961870		ultra_rare 0.0008
10	54346438		ultra_rare 0
10	58388809		ultra_rare 0.0008
10	67884630		ultra_rare 0.0008
10	68419034		ultra_rare 0.0008
10	71707002		ultra_rare 0.0008
10	71740853		ultra_rare 0.0008
10	71814940		ultra_rare 0.0008
10	72884335		ultra_rare 0.0008
10	73911536		ultra_rare 0.0008
10	76877831		ultra_rare 0
10	78037285		ultra_rare 0.0008
10	78054799		ultra_rare 0.0008
10	80155678		ultra_rare 0.0008
10	80280607		ultra_rare 0.0008
10	86659859		ultra_rare 0.0008
10	86681579		ultra_rare 0.0008
10	86692625		ultra_rare 0.0008
10	86892257		ultra_rare 0.0008
10	86923434		ultra_rare 0.0008
10	87062936		ultra_rare 0.0008
10	87743500		ultra_rare 0.0008
10	87862131		ultra_rare 0.0008
10	87966123		ultra_rare 0.0008
10	87966817		ultra_rare 0.0008
10	88582473		ultra_rare 0.0008
10	88941771		ultra_rare 0.0008
10	89215683		ultra_rare 0
10	91989447		ultra_rare 0.0008
10	92650089		ultra_rare 0.0008
10	93064443		ultra_rare 0.0008
10	94171247		ultra_rare 0.0008
10	96215345		ultra_rare 0.0008
10	96242679		ultra_rare 0.0008
10	98426035		ultra_rare 0.0008
10	100546077		ultra_rare 0.0008
10	101022159		ultra_rare 0.0008
10	101550933		ultra_rare 0.0008
10	102615329		ultra_rare 0.0008
10	104034233		ultra_rare 0.0008
10	104039654		ultra_rare 0.0008
10	110599602		ultra_rare 0.0008
10	112173841		ultra_rare 0.0008
10	113152260		ultra_rare 0.0008
10	113574389		ultra_rare 0.0008
10	118594086		ultra_rare 0.0008
10	121551219		ultra_rare 0.0008
10	122508622		ultra_rare 0.0008
10	125721510		ultra_rare 0.0008
10	125741173		ultra_rare 0.0008
10	125788690		ultra_rare 0.0008
10	126046084		ultra_rare 0.0008
11	224219		ultra_rare 0.0008
11	532331		ultra_rare 0.0008
11	614212		ultra_rare 0.0008
11	794782		ultra_rare 0.0008
11	1013601		ultra_rare 0.0008
11	1078244		ultra_rare 0.0008
11	1078528		ultra_rare 0.0008
11	1085673		ultra_rare 0.0008
11	1100081		ultra_rare 0.0008
11	1101248		ultra_rare 0
11	1259903		ultra_rare 0.0008
11	1449922		ultra_rare 0.0008
11	2777151		ultra_rare 0.0008
11	2847634		ultra_rare 0.0008
11	5268621		ultra_rare 0.0008
11	5696414		ultra_rare 0.0008
11	6616771		ultra_rare 0.0008
11	11377191		ultra_rare 0.0008
11	17405787		ultra_rare 0.0008
11	17501904		ultra_rare 0.0008
11	17640919		ultra_rare 0.0008
11	17640920		ultra_rare 0.0008
11	18351900		ultra_rare 0.0008
11	19350919		ultra_rare 0.0008
11	22255681		ultra_rare 0.0008
11	26531438		ultra_rare 0.0008
11	27658639		ultra_rare 0.0008
11	32396360		ultra_rare 0.0008
11	32396364		ultra_rare 0
11	32396397		ultra_rare 0.0008
11	32396397		ultra_rare 0.0008
11	32396397		ultra_rare 0.0008
11	32417489		ultra_rare 0.0008
11	34957669		ultra_rare 0.0008
11	44124888		ultra_rare 0.0008
11	44619034		ultra_rare 0.0008
11	45914209		ultra_rare 0.0008
11	47234506		ultra_rare 0.0008
11	47332214		ultra_rare 0.0008
11	47346756		ultra_rare 0.0008
11	57806894		ultra_rare 0.0008
11	61310277		ultra_rare 0.0008
11	61795592		ultra_rare 0.0008
11	64598923		ultra_rare 0.0008
11	65540687		ultra_rare 0.0008
11	65641180		ultra_rare 0.0008
11	65976632		ultra_rare 0.0008
11	66239328		ultra_rare 0.0008
11	66369467		ultra_rare 0.0008
11	66561553		ultra_rare 0.0008
11	68050064		ultra_rare 0.0008
11	68908796		ultra_rare 0.0008
11	70485834		ultra_rare 0.0008
11	71437869		ultra_rare 0.0008
11	72241312		ultra_rare 0.0008
11	72241312		ultra_rare 0.0008
11	72241312		ultra_rare 0.0008
11	72241312		ultra_rare 0.0008
11	77198524		ultra_rare 0.0008
11	78225226		ultra_rare 0.0008
11	87302245		ultra_rare 0.0008
11	101062675		ultra_rare 0.0008
11	101128848		ultra_rare 0.0008
11	102322756		ultra_rare 0.0008
11	102324898		ultra_rare 0.0008
11	102337972		ultra_rare 0.0008
11	104891335		ultra_rare 0.0008
11	108267198		ultra_rare 0.0008
11	108284405		ultra_rare 0.0008
11	108289767		ultra_rare 0.0008
11	108312553		ultra_rare 0.0008
11	108367028		ultra_rare 0.0008
11	108512540		ultra_rare 0.0008
11	110233356		ultra_rare 0.0008
11	111911640		ultra_rare 0.0008
11	113394986		ultra_rare 0.0008
11	113694480		ultra_rare 0.0008
11	113905099		ultra_rare 0.0008
11	113989833		ultra_rare 0.0008
11	115209591		ultra_rare 0.0008
11	118117974		ultra_rare 0.0008
11	118480242		ultra_rare 0.0008
11	118488591		ultra_rare 0.0008
11	118526758		ultra_rare 0.0008
11	119028464		ultra_rare 0.0008
11	119093272		ultra_rare 0.0008
11	119276258		ultra_rare 0.0008
11	119277862		ultra_rare 0.0008
11	119640108		ultra_rare 0.0008
11	120479907		ultra_rare 0.0008
11	120898492		ultra_rare 0.0008
11	121452298		ultra_rare 0.0008
11	121590097		ultra_rare 0.0008
11	123058584		ultra_rare 0.0008
11	125918866		ultra_rare 0.0008
11	126010734		ultra_rare 0.0008
11	126290891		ultra_rare 0
11	128935594		ultra_rare 0.0008
11	132437203		ultra_rare 0.0008
11	134258389		ultra_rare 0.0008
12	5969389		ultra_rare 0.0008
12	6029382		ultra_rare 0.0008
12	6355366		ultra_rare 0.0008
12	6374973		ultra_rare 0.0008
12	11021773		ultra_rare 0.0008
12	11752509		ultra_rare 0
12	11752512		ultra_rare 0
12	12718892		ultra_rare 0.0008
12	14885750		ultra_rare 0.0008
12	15508603		ultra_rare 0.0008
12	21801159		ultra_rare 0.0008
12	25215675		ultra_rare 0.0008
12	32625099		ultra_rare 0
12	39333207		ultra_rare 0.0008
12	40274821		ultra_rare 0.0008
12	40364956		ultra_rare 0.0008
12	47978606		ultra_rare 0.0008
12	48918468		ultra_rare 0.0008
12	49032609		ultra_rare 0.0008
12	49033427		ultra_rare 0.0008
12	49037832		ultra_rare 0.0008
12	49038777		ultra_rare 0.0008
12	49043334		ultra_rare 0.0008
12	49051096		ultra_rare 0.0008
12	49094403		ultra_rare 0.0008
12	49329775		ultra_rare 0.0008
12	49329821		ultra_rare 0.0008
12	49954683		ultra_rare 0.0008
12	50814022		ultra_rare 0.0008
12	51005423		ultra_rare 0.0008
12	52571985		ultra_rare 0.0008
12	52573770		ultra_rare 0.0008
12	52790903		ultra_rare 0.0008
12	56645891		ultra_rare 0.0008
12	57141408		ultra_rare 0
12	57575041		ultra_rare 0.0008
12	62335365		ultra_rare 0.0008
12	70754593		ultra_rare 0.0008
12	95980976		ultra_rare 0.0008
12	98534135		ultra_rare 0.0008
12	98680411		ultra_rare 0.0008
12	98712265		ultra_rare 0.0008
12	103931431		ultra_rare 0.0008
12	108623632		ultra_rare 0.0008
12	109172449		ultra_rare 0.0008
12	109266128		ultra_rare 0.0008
12	109783765		ultra_rare 0.0008
12	110435322		ultra_rare 0.0008
12	110435322		ultra_rare 0.0008
12	111291523		ultra_rare 0.0008
12	111406050		ultra_rare 0.0008
12	111598716		ultra_rare 0.0008
12	112418977		ultra_rare 0.0008
12	112502202		ultra_rare 0.0008
12	114385702		ultra_rare 0.0008
12	115996540		ultra_rare 0.0008
12	120438162		ultra_rare 0.0008
12	120996271		ultra_rare 0.0008
12	121222184		ultra_rare 0.0008
12	121857325		ultra_rare 0.0008
12	122347196		ultra_rare 0.0008
12	123297936		ultra_rare 0.0008
12	123330440		ultra_rare 0.0008
12	132635834		ultra_rare 0.0008
12	132636046		ultra_rare 0.0008
12	132659325		ultra_rare 0.0008
12	132780990		ultra_rare 0.0008
12	132859149		ultra_rare 0.0008
13	19646321		ultra_rare 0.0008
13	19648353		ultra_rare 0.0008
13	24249480		ultra_rare 0.0008
13	25540529		ultra_rare 0.0008
13	26685879		ultra_rare 0.0008
13	28025287		ultra_rare 0.0008
13	28034116		ultra_rare 0.0008
13	28034222		ultra_rare 0.0008
13	28427237		ultra_rare 0.0008
13	31229425		ultra_rare 0.0008
13	31247155		ultra_rare 0.0008
13	32202578		ultra_rare 0.0008
13	32225938		ultra_rare 0.0008
13	32237727		ultra_rare 0.0008
13	32267113		ultra_rare 0.0008
13	32340191		ultra_rare 0.0008
13	32356651		ultra_rare 0.0008
13	35045395		ultra_rare 0.0008
13	35668586		ultra_rare 0.0008
13	35810995		ultra_rare 0.0008
13	39656772		ultra_rare 0.0008
13	40555874		ultra_rare 0.0008
13	40558980		ultra_rare 0.0008
13	40559052		ultra_rare 0
13	40666340		ultra_rare 0.0008
13	46104834		ultra_rare 0.0008
13	46835566		ultra_rare 0.0008
13	48347786		ultra_rare 0.0008
13	48365095		ultra_rare 0.0008
13	50948388		ultra_rare 0.0008
13	51974171		ultra_rare 0.0008
13	52024521		ultra_rare 0.0008
13	59810871		ultra_rare 0.0008
13	73059545		ultra_rare 0.0008
13	98846113		ultra_rare 0.0008
13	99201316		ultra_rare 0.0008
13	99201320		ultra_rare 0.0008
13	99238403		ultra_rare 0.0008
13	101111177		ultra_rare 0.0008
13	101398849		ultra_rare 0.0008
13	108286750		ultra_rare 0.0008
13	110195185		ultra_rare 0.0008
13	111280468		ultra_rare 0.0008
13	111288433		ultra_rare 0.0008
13	113827007		ultra_rare 0.0008
14	20377675		ultra_rare 0.0008
14	20378637		ultra_rare 0.0008
14	20381418		ultra_rare 0.0008
14	20395637		ultra_rare 0.0008
14	20395746		ultra_rare 0.0008
14	20457496		ultra_rare 0
14	20474965		ultra_rare 0.0008
14	20891849		ultra_rare 0.0008
14	22836948		ultra_rare 0.0008
14	22922736		ultra_rare 0.0008
14	23402522		ultra_rare 0.0008
14	23402635		ultra_rare 0.0008
14	24100214		ultra_rare 0.0008
14	24240840		ultra_rare 0.0008
14	24270813		ultra_rare 0.0008
14	24375752		ultra_rare 0.0008
14	44505322		ultra_rare 0.0008
14	49643516		ultra_rare 0.0008
14	50754880		ultra_rare 0.0008
14	50772557		ultra_rare 0.0008
14	50822130		ultra_rare 0.0008
14	51704624		ultra_rare 0.0008
14	51704649		ultra_rare 0.0008
14	51721924		ultra_rare 0.0008
14	64771003		ultra_rare 0.0008
14	67724588		ultra_rare 0.0008
14	67823410		ultra_rare 0.0008
14	67885939		ultra_rare 0.0008
14	72562402		ultra_rare 0.0008
14	73170834		ultra_rare 0.0008
14	74292240		ultra_rare 0.0008
14	74295677		ultra_rare 0.0008
14	74509063		ultra_rare 0.0008
14	74673097		ultra_rare 0.0008
14	77449145		ultra_rare 0.0008
14	81504348		ultra_rare 0.0008
14	91272785		ultra_rare 0.0008
14	91993951		ultra_rare 0.0008
14	94622508		ultra_rare 0.0008
14	95094245		ultra_rare 0.0008
14	95108382		ultra_rare 0.0008
14	95124448		ultra_rare 0.0008
14	95133244		ultra_rare 0.0008
14	101988647		ultra_rare 0.0008
14	101994662		ultra_rare 0.0008
14	102000415		ultra_rare 0.0008
14	102139240		ultra_rare 0.0008
14	102999656		ultra_rare 0.0008
14	104770293		ultra_rare 0.0008
14	104772869		ultra_rare 0.0008
14	105151407		ultra_rare 0.0008
15	29054294		ultra_rare 0.0008
15	29075110		ultra_rare 0.0008
15	29105519		ultra_rare 0.0008
15	30920460		ultra_rare 0.0008
15	31060552		ultra_rare 0.0008
15	33662265		ultra_rare 0.0008
15	33810360		ultra_rare 0.0008
15	33854533		ultra_rare 0.0008
15	34790687		ultra_rare 0.0008
15	40003398		ultra_rare 0.0008
15	40019306		ultra_rare 0.0008
15	41402403		ultra_rare 0.0008
15	41862179		ultra_rare 0.0008
15	41880088		ultra_rare 0.0008
15	41882770		ultra_rare 0.0008
15	41885987		ultra_rare 0.0008
15	41887330		ultra_rare 0.0008
15	41893254		ultra_rare 0.0008
15	43206562		ultra_rare 0.0008
15	43210349		ultra_rare 0.0008
15	43211606		ultra_rare 0.0008
15	43456764		ultra_rare 0.0008
15	47766695		ultra_rare 0.0008
15	48302708		ultra_rare 0.0008
15	48415735		ultra_rare 0.0008
15	48488560		ultra_rare 0.0008
15	48755884		ultra_rare 0.0008
15	50569951		ultra_rare 0.0008
15	50929079		ultra_rare 0.0008
15	52125878		ultra_rare 0.0008
15	52343297		ultra_rare 0.0008
15	57232189		ultra_rare 0.0008
15	58563566		ultra_rare 0.0008
15	59205532		ultra_rare 0.0008
15	59218170		ultra_rare 0.0008
15	62838858		ultra_rare 0.0008
15	62840342		ultra_rare 0.0008
15	63059382		ultra_rare 0.0008
15	63286772		ultra_rare 0.0008
15	63326404		ultra_rare 0.0008
15	63326554		ultra_rare 0.0008
15	64817967		ultra_rare 0.0008
15	65016540		ultra_rare 0.0008
15	65196891		ultra_rare 0.0008
15	65203456		ultra_rare 0.0008
15	65914049		ultra_rare 0.0008
15	65930998		ultra_rare 0.0008
15	67254631		ultra_rare 0.0008
15	68313738		ultra_rare 0
15	72734941		ultra_rare 0.0008
15	74180184		ultra_rare 0.0008
15	74754843		ultra_rare 0.0008
15	76804376		ultra_rare 0.0008
15	78515050		ultra_rare 0
15	79896759		ultra_rare 0.0008
15	80884434		ultra_rare 0.0008
15	81296811		ultra_rare 0.0008
15	82659466		ultra_rare 0.0008
15	85533676		ultra_rare 0.0008
15	85717973		ultra_rare 0
15	86154295		ultra_rare 0.0008
15	88128766		ultra_rare 0.0008
15	88838777		ultra_rare 0.0008
15	89323451		ultra_rare 0.0008
15	90477147		ultra_rare 0.0008
15	90794393		ultra_rare 0.0008
15	90880045		ultra_rare 0.0008
15	90892942		ultra_rare 0.0008
15	92171798		ultra_rare 0.0008
15	99993114		ultra_rare 0.0008
16	1195147		ultra_rare 0.0008
16	1790982		ultra_rare 0
16	2070635		ultra_rare 0.0008
16	2084329		ultra_rare 0.0008
16	2086793		ultra_rare 0.0008
16	2090717		ultra_rare 0.0008
16	3591279		ultra_rare 0.0008
16	3717345		ultra_rare 0.0008
16	3731158		ultra_rare 0.0008
16	3740395		ultra_rare 0.0008
16	3769140		ultra_rare 0.0008
16	5027723		ultra_rare 0.0008
16	7671731		ultra_rare 0.0008
16	10902606		ultra_rare 0.0008
16	11254789		ultra_rare 0.0008
16	11281205		ultra_rare 0
16	15724918		ultra_rare 0.0008
16	15748227		ultra_rare 0.0008
16	16138344		ultra_rare 0.0008
16	16154732		ultra_rare 0.0008
16	16159648		ultra_rare 0.0008
16	16175917		ultra_rare 0.0008
16	17158790		ultra_rare 0.0008
16	19067582		ultra_rare 0.0008
16	19072059		ultra_rare 0.0008
16	20333306		ultra_rare 0.0008
16	22225783		ultra_rare 0.0008
16	23389041		ultra_rare 0.0008
16	24790708		ultra_rare 0.0008
16	24877355		ultra_rare 0.0008
16	24884239		ultra_rare 0.0008
16	24906928		ultra_rare 0.0008
16	27346401		ultra_rare 0.0008
16	28866633		ultra_rare 0.0008
16	28873598		ultra_rare 0.0008
16	30009010		ultra_rare 0.0008
16	30010237		ultra_rare 0.0008
16	30751565		ultra_rare 0.0008
16	31220763		ultra_rare 0.0008
16	50712175		ultra_rare 0.0008
16	52552423		ultra_rare 0.0008
16	54933352		ultra_rare 0.0008
16	56961902		ultra_rare 0.0008
16	56969802		ultra_rare 0.0008
16	56971971		ultra_rare 0.0008
16	56975016		ultra_rare 0.0008
16	56982063		ultra_rare 0.0008
16	57456592		ultra_rare 0.0008
16	57460725		ultra_rare 0.0008
16	58196761		ultra_rare 0.0008
16	66943232		ultra_rare 0.0008
16	67166368		ultra_rare 0.0008
16	69167148		ultra_rare 0.0008
16	70253187		ultra_rare 0.0008
16	70992234		ultra_rare 0.0008
16	71178910		ultra_rare 0.0008
16	71572412		ultra_rare 0.0008
16	72787743		ultra_rare 0.0008
16	72950610		ultra_rare 0.0008
16	72957797		ultra_rare 0.0008
16	72958252		ultra_rare 0.0008
16	75529276		ultra_rare 0.0008
16	75644385		ultra_rare 0.0008
16	77359248		ultra_rare 0.0008
16	78164338		ultra_rare 0.0008
16	79211747		ultra_rare 0.0008
16	81870966		ultra_rare 0.0008
16	81934467		ultra_rare 0.0008
16	81934489		ultra_rare 0.0008
16	81956795		ultra_rare 0.0008
16	85067191		ultra_rare 0.0008
16	88804739		ultra_rare 0.0008
16	88807323		ultra_rare 0.0008
16	89154080		ultra_rare 0.0008
16	89155254		ultra_rare 0.0008
16	89282882		ultra_rare 0.0008
16	89284169		ultra_rare 0.0008
16	89544471		ultra_rare 0.0008
16	89638300		ultra_rare 0.0008
16	89769951		ultra_rare 0.0008
16	89771896		ultra_rare 0.0008
16	89784740		ultra_rare 0.0008
16	89791223		ultra_rare 0.0008
16	89791605		ultra_rare 0.0008
16	89791915		ultra_rare 0.0008
16	89798925		ultra_rare 0.0008
16	89803139		ultra_rare 0.0008
16	89808347		ultra_rare 0.0008
16	89810541		ultra_rare 0.0008
16	89811047		ultra_rare 0.0008
16	89919813		ultra_rare 0.0008
16	89919891		ultra_rare 0.0008
16	89920119		ultra_rare 0.0008
17	1658664		ultra_rare 0.0008
17	3527995		ultra_rare 0.0008
17	3681921		ultra_rare 0.0008
17	3930492		ultra_rare 0.0008
17	3951647		ultra_rare 0.0008
17	4815869		ultra_rare 0.0008
17	6457530		ultra_rare 0.0008
17	6538066		ultra_rare 0.0008
17	7284610		ultra_rare 0.0008
17	7674873		ultra_rare 0.0008
17	7676153		ultra_rare 0.0008
17	7733331		ultra_rare 0.0008
17	7739878		ultra_rare 0.0008
17	7776052		ultra_rare 0.0008
17	7797287		ultra_rare 0.0008
17	8147674		ultra_rare 0.0008
17	10303190		ultra_rare 0.0008
17	10401600		ultra_rare 0.0008
17	10529317		ultra_rare 0.0008
17	12763451		ultra_rare 0.0008
17	13000337		ultra_rare 0.0008
17	16003904		ultra_rare 0.0008
17	16027822		ultra_rare 0.0008
17	17228004		ultra_rare 0.0008
17	17803735		ultra_rare 0.0008
17	17819715		ultra_rare 0.0008
17	18142796		ultra_rare 0.0008
17	18148079		ultra_rare 0.0008
17	21303355		ultra_rare 0.0008
17	21415657		ultra_rare 0.0008
17	27773350		ultra_rare 0.0008
17	27780920		ultra_rare 0.0008
17	27781000		ultra_rare 0.0008
17	28643792		ultra_rare 0
17	28734725		ultra_rare 0.0008
17	28735362		ultra_rare 0.0008
17	28963972		ultra_rare 0.0008
17	31229327		ultra_rare 0.0008
17	31352394		ultra_rare 0
17	31374114		ultra_rare 0.0008
17	31993944		ultra_rare 0
17	34994460		ultra_rare 0.0008
17	39711843		ultra_rare 0.0008
17	39724942		ultra_rare 0.0008
17	40630808		ultra_rare 0.0008
17	41394025		ultra_rare 0.0008
17	41423979		ultra_rare 0.0008
17	41437427		ultra_rare 0.0008
17	41847314		ultra_rare 0.0008
17	42210488		ultra_rare 0.0008
17	42520845		ultra_rare 0.0008
17	42614645		ultra_rare 0.0008
17	42782916		ultra_rare 0.0008
17	43051336		ultra_rare 0.0008
17	43104860		ultra_rare 0.0008
17	44076178		ultra_rare 0.0008
17	45833702		ultra_rare 0.0008
17	46773647		ultra_rare 0.0008
17	47743199		ultra_rare 0.0008
17	48964225		ultra_rare 0.0008
17	49991550		ultra_rare 0.0008
17	50105273		ultra_rare 0.0008
17	50188170		ultra_rare 0.0008
17	50379310		ultra_rare 0.0008
17	50576348		ultra_rare 0.0008
17	50591409		ultra_rare 0.0008
17	50609959		ultra_rare 0.0008
17	50663750		ultra_rare 0
17	50673066		ultra_rare 0
17	56858527		ultra_rare 0.0008
17	59017309		ultra_rare 0.0008
17	61480219		ultra_rare 0.0008
17	61716086		ultra_rare 0
17	61793578		ultra_rare 0.0008
17	63496510		ultra_rare 0.0008
17	63606274		ultra_rare 0.0008
17	63713550		ultra_rare 0.0008
17	65010379		ultra_rare 0.0008
17	65012266		ultra_rare 0.0008
17	65225462		ultra_rare 0.0008
17	68522639		ultra_rare 0.0008
17	72123848		ultra_rare 0.0008
17	73197168		ultra_rare 0.0008
17	75519119		ultra_rare 0.0008
17	75727201		ultra_rare 0.0008
17	75736640		ultra_rare 0.0008
17	75740115		ultra_rare 0.0008
17	75757150		ultra_rare 0.0008
17	75828056		ultra_rare 0.0008
17	76473997		ultra_rare 0.0008
17	78216757		ultra_rare 0.0008
17	80040054		ultra_rare 0.0008
17	80065489		ultra_rare 0.0008
17	80353480		ultra_rare 0.0008
17	80884046		ultra_rare 0.0008
17	80884995		ultra_rare 0.0008
17	82015225		ultra_rare 0.0008
18	3086046		ultra_rare 0.0008
18	3135624		ultra_rare 0.0008
18	7080269		ultra_rare 0.0008
18	12254347		ultra_rare 0.0008
18	12262898		ultra_rare 0.0008
18	23914667		ultra_rare 0.0008
18	31070944		ultra_rare 0.0008
18	32203200		ultra_rare 0.0008
18	33646415		ultra_rare 0.0008
18	34765795		ultra_rare 0.0008
18	36200173		ultra_rare 0.0008
18	44701183		ultra_rare 0.0008
18	44951650		ultra_rare 0.0008
18	45063141		ultra_rare 0.0008
18	45063948		ultra_rare 0.0008
18	45067851		ultra_rare 0.0008
18	45067957		ultra_rare 0.0008
18	45643970		ultra_rare 0.0008
18	45669503		ultra_rare 0.0008
18	45901098		ultra_rare 0.0008
18	48921696		ultra_rare 0.0008
18	49863219		ultra_rare 0.0008
18	50194988		ultra_rare 0.0008
18	53530487		ultra_rare 0.0008
18	57697562		ultra_rare 0.0008
18	58747737		ultra_rare 0.0008
18	59339015		ultra_rare 0.0008
18	63123711		ultra_rare 0.0008
18	63126519		ultra_rare 0.0008
18	63720898		ultra_rare 0.0008
18	70074042		ultra_rare 0.0008
18	70109599		ultra_rare 0.0008
19	605304		ultra_rare 0.0008
19	617748		ultra_rare 0.0008
19	623650		ultra_rare 0.0008
19	856047		ultra_rare 0.0008
19	1218570		ultra_rare 0.0008
19	1220773		ultra_rare 0.0008
19	1223109		ultra_rare 0.0008
19	1376660		ultra_rare 0.0008
19	1615792		ultra_rare 0.0008
19	1622332		ultra_rare 0.0008
19	1624053		ultra_rare 0.0008
19	1646376		ultra_rare 0.0008
19	2433815		ultra_rare 0.0008
19	3907701		ultra_rare 0.0008
19	3977267		ultra_rare 0.0008
19	3985495		ultra_rare 0.0008
19	6368542		ultra_rare 0.0008
19	6719179		ultra_rare 0.0008
19	7142840		ultra_rare 0.0008
19	7172379		ultra_rare 0.0008
19	7554014		ultra_rare 0.0008
19	7556696		ultra_rare 0.0008
19	7641843		ultra_rare 0.0008
19	7641880		ultra_rare 0.0008
19	7768988		ultra_rare 0.0008
19	8087070		ultra_rare 0.0008
19	8138228		ultra_rare 0.0008
19	8530555		ultra_rare 0.0008
19	8552103		ultra_rare 0.0008
19	10114852		ultra_rare 0.0008
19	10256566		ultra_rare 0.0008
19	11105600		ultra_rare 0.0008
19	11199568		ultra_rare 0.0008
19	11214437		ultra_rare 0.0008
19	11381339		ultra_rare 0.0008
19	15160723		ultra_rare 0.0008
19	15179403		ultra_rare 0.0008
19	15189173		ultra_rare 0.0008
19	15628782		ultra_rare 0.0008
19	15641512		ultra_rare 0.0008
19	17194644		ultra_rare 0.0008
19	17210358		ultra_rare 0.0008
19	17811627		ultra_rare 0.0008
19	17844395		ultra_rare 0
19	18069788		ultra_rare 0.0008
19	18169851		ultra_rare 0.0008
19	32862095		ultra_rare 0.0008
19	32960063		ultra_rare 0.0008
19	33301691		ultra_rare 0.0008
19	35300400		ultra_rare 0.0008
19	36099633		ultra_rare 0.0008
19	36102093		ultra_rare 0.0008
19	38440741		ultra_rare 0.0008
19	38443499		ultra_rare 0.0008
19	38455204		ultra_rare 0.0008
19	38469139		ultra_rare 0.0008
19	38496052		ultra_rare 0.0008
19	38517559		ultra_rare 0.0008
19	38517569		ultra_rare 0.0008
19	38535326		ultra_rare 0.0008
19	38543749		ultra_rare 0.0008
19	38565597		ultra_rare 0.0008
19	38566867		ultra_rare 0.0008
19	38714630		ultra_rare 0.0008
19	40255044		ultra_rare 0.0008
19	41354949		ultra_rare 0.0008
19	42054395		ultra_rare 0.0008
19	44900764		ultra_rare 0.0008
19	44948385		ultra_rare 0.0008
19	44988136		ultra_rare 0.0008
19	45317664		ultra_rare 0.0008
19	45677296		ultra_rare 0.0008
19	47695447		ultra_rare 0.0008
19	48104661		ultra_rare 0.0008
19	48961748		ultra_rare 0.0008
19	49010485		ultra_rare 0.0008
19	49152042		ultra_rare 0.0008
19	50417969		ultra_rare 0.0008
19	52219804		ultra_rare 0.0008
19	54106067		ultra_rare 0.0008
19	54738618		ultra_rare 0.0008
19	54803917		ultra_rare 0.0008
19	54934408		ultra_rare 0.0008
19	54939379		ultra_rare 0.0008
19	54970388		ultra_rare 0.0008
19	54977742		ultra_rare 0.0008
2	1643517		ultra_rare 0.0008
2	1660829		ultra_rare 0.0008
2	1663750		ultra_rare 0.0008
2	10442168		ultra_rare 0.0008
2	15178869		ultra_rare 0.0008
2	19353931		ultra_rare 0.0008
2	20005801		ultra_rare 0.0008
2	20651085		ultra_rare 0.0008
2	20651108		ultra_rare 0.0008
2	24254214		ultra_rare 0.0008
2	25243931		ultra_rare 0
2	25246031		ultra_rare 0.0008
2	25249691		ultra_rare 0.0008
2	25282255		ultra_rare 0.0008
2	26465082		ultra_rare 0.0008
2	27444653		ultra_rare 0.0008
2	27501135		ultra_rare 0.0008
2	29196874		ultra_rare 0.0008
2	30742487		ultra_rare 0.0008
2	31370424		ultra_rare 0.0008
2	36510251		ultra_rare 0.0008
2	38071186		ultra_rare 0.0008
2	40170309		ultra_rare 0.0008
2	43291883		ultra_rare 0.0008
2	43846094		ultra_rare 0.0008
2	44280852		ultra_rare 0.0008
2	44338663		ultra_rare 0.0008
2	46380525		ultra_rare 0.0008
2	47414295		ultra_rare 0.0008
2	47798552		ultra_rare 0.0008
2	47798702		ultra_rare 0.0008
2	61825311		ultra_rare 0.0008
2	66464413		ultra_rare 0.0008
2	68871332		ultra_rare 0
2	69961355		ultra_rare 0.0008
2	71124518		ultra_rare 0.0008
2	71124589		ultra_rare 0.0008
2	71553781		ultra_rare 0
2	71656164		ultra_rare 0
2	73572665		ultra_rare 0.0008
2	74235287		ultra_rare 0.0008
2	95090402		ultra_rare 0.0008
2	96278537		ultra_rare 0.0008
2	96283530		ultra_rare 0.0008
2	96551455		ultra_rare 0.0008
2	99578222		ultra_rare 0.0008
2	99727138		ultra_rare 0.0008
2	100007602		ultra_rare 0.0008
2	102368018		ultra_rare 0.0008
2	108387284		ultra_rare 0.0008
2	108896949		ultra_rare 0.0008
2	110129353		ultra_rare 0.0008
2	112781663		ultra_rare 0.0008
2	115343886		ultra_rare 0.0008
2	120955325		ultra_rare 0.0008
2	120990112		ultra_rare 0.0008
2	121530969		ultra_rare 0.0008
2	127106833		ultra_rare 0.0008
2	127588645		ultra_rare 0.0008
2	127590135		ultra_rare 0.0008
2	130370944		ultra_rare 0.0008
2	134954151		ultra_rare 0.0008
2	135120806		ultra_rare 0.0008
2	144512310		ultra_rare 0.0008
2	151512801		ultra_rare 0.0008
2	151724286		ultra_rare 0.0008
2	156513449		ultra_rare 0.0008
2	156569333		ultra_rare 0.0008
2	169132497		ultra_rare 0.0008
2	169152884		ultra_rare 0.0008
2	169170681		ultra_rare 0.0008
2	169637231		ultra_rare 0
2	174799816		ultra_rare 0.0008
2	177263549		ultra_rare 0.0008
2	178578869		ultra_rare 0.0008
2	178597712		ultra_rare 0.0008
2	178614030		ultra_rare 0.0008
2	178630423		ultra_rare 0.0008
2	178664660		ultra_rare 0.0008
2	178665613		ultra_rare 0.0008
2	178672778		ultra_rare 0.0008
2	178702379		ultra_rare 0.0008
2	178722118		ultra_rare 0.0008
2	178731746		ultra_rare 0
2	178735548		ultra_rare 0.0008
2	189039360		ultra_rare 0.0008
2	189048114		ultra_rare 0.0008
2	189805644		ultra_rare 0.0008
2	191007756		ultra_rare 0.0008
2	197416857		ultra_rare 0.0008
2	200642751		ultra_rare 0.0008
2	201386255		ultra_rare 0.0008
2	201658598		ultra_rare 0.0008
2	201692744		ultra_rare 0.0008
2	206153557		ultra_rare 0.0008
2	208242200		ultra_rare 0.0008
2	208276933		ultra_rare 0.0008
2	209819006		ultra_rare 0.0008
2	209922468		ultra_rare 0.0008
2	210225149		ultra_rare 0.0008
2	210616704		ultra_rare 0.0008
2	213862311		ultra_rare 0.0008
2	214968810		ultra_rare 0.0008
2	214979231		ultra_rare 0.0008
2	215379458		ultra_rare 0.0008
2	216468027		ultra_rare 0.0008
2	218382988		ultra_rare 0.0008
2	219571277		ultra_rare 0.0008
2	219575159		ultra_rare 0.0008
2	222220195		ultra_rare 0.0008
2	227047659		ultra_rare 0.0008
2	227051241		ultra_rare 0.0008
2	232210457		ultra_rare 0.0008
2	232480864		ultra_rare 0.0008
2	233437439		ultra_rare 0.0008
2	237354853		ultra_rare 0.0008
2	237361151		ultra_rare 0.0008
2	237374892		ultra_rare 0.0008
2	237525567		ultra_rare 0.0008
2	239236702		ultra_rare 0.0008
2	240758323		ultra_rare 0.0008
2	241212195		ultra_rare 0.0008
2	241223593		ultra_rare 0.0008
2	241741107		ultra_rare 0.0008
2	242074017		ultra_rare 0.0008
20	3213270		ultra_rare 0.0008
20	3669702		ultra_rare 0.0008
20	3674006		ultra_rare 0.0008
20	8132871		ultra_rare 0
20	8729167		ultra_rare 0.0008
20	8765269		ultra_rare 0.0008
20	9421509		ultra_rare 0.0008
20	10645047		ultra_rare 0.0008
20	10645426		ultra_rare 0.0008
20	10650435		ultra_rare 0
20	20000909		ultra_rare 0.0008
20	23049203		ultra_rare 0.0008
20	25309599		ultra_rare 0
20	32430022		ultra_rare 0.0008
20	32433718		ultra_rare 0.0008
20	32434665		ultra_rare 0.0008
20	32437615		ultra_rare 0.0008
20	32792677		ultra_rare 0.0008
20	42072986		ultra_rare 0.0008
20	42078378		ultra_rare 0.0008
20	42078479		ultra_rare 0.0008
20	42080347		ultra_rare 0.0008
20	42098498		ultra_rare 0.0008
20	42110500		ultra_rare 0.0008
20	42115274		ultra_rare 0.0008
20	43702568		ultra_rare 0.0008
20	44419922		ultra_rare 0.0008
20	44621170		ultra_rare 0.0008
20	45891252		ultra_rare 0.0008
20	46128782		ultra_rare 0.0008
20	54169727		ultra_rare 0.0008
20	56388108		ultra_rare 0.0008
20	56388108		ultra_rare 0.0008
20	58444170		ultra_rare 0.0008
20	58447138		ultra_rare 0.0008
20	58853893		ultra_rare 0
20	59919416		ultra_rare 0.0008
20	62311867		ultra_rare 0.0008
20	62315988		ultra_rare 0.0008
20	62320809		ultra_rare 0.0008
20	62332392		ultra_rare 0.0008
20	62336187		ultra_rare 0.0008
20	62829693		ultra_rare 0.0008
20	62836337		ultra_rare 0.0008
20	62836492		ultra_rare 0.0008
20	63680646		ultra_rare 0.0008
20	63930949		ultra_rare 0.0008
20	64228097		ultra_rare 0.0008
21	14108890		ultra_rare 0.0008
21	34790130		ultra_rare 0.0008
21	34887839		ultra_rare 0.0008
21	39206186		ultra_rare 0.0008
21	40042525		ultra_rare 0.0008
21	40846456		ultra_rare 0
21	41439599		ultra_rare 0.0008
21	41741267		ultra_rare 0
21	42271208		ultra_rare 0.0008
21	42285885		ultra_rare 0.0008
21	42294625		ultra_rare 0.0008
21	42482628		ultra_rare 0.0008
21	42873799		ultra_rare 0.0008
21	42896963		ultra_rare 0.0008
21	43063091		ultra_rare 0.0008
21	43733895		ultra_rare 0.0008
21	44103340		ultra_rare 0.0008
21	44313022		ultra_rare 0.0008
21	44316307		ultra_rare 0.0008
21	44322991		ultra_rare 0.0008
21	44406774		ultra_rare 0.0008
21	44425855		ultra_rare 0.0008
21	45505238		ultra_rare 0.0008
21	45505464		ultra_rare 0.0008
21	45509550		ultra_rare 0.0008
21	45991018		ultra_rare 0.0008
21	46123003		ultra_rare 0
21	46125971		ultra_rare 0.0008
21	46132253		ultra_rare 0.0008
21	46257086		ultra_rare 0.0008
21	46285272		ultra_rare 0.0008
22	17102006		ultra_rare 0.0008
22	17203614		ultra_rare 0.0008
22	19068144		ultra_rare 0.0008
22	19068152		ultra_rare 0.0008
22	19068387		ultra_rare 0.0008
22	19359525		ultra_rare 0.0008
22	19764139		ultra_rare 0.0008
22	20143556		ultra_rare 0.0008
22	20887897		ultra_rare 0
22	23834197		ultra_rare 0.0008
22	24440901		ultra_rare 0.0008
22	25203781		ultra_rare 0.0008
22	25828868		ultra_rare 0.0008
22	29655504		ultra_rare 0.0008
22	29664815		ultra_rare 0.0008
22	29678360		ultra_rare 0.0008
22	32099261		ultra_rare 0.0008
22	32513844		ultra_rare 0.0008
22	36282733		ultra_rare 0.0008
22	36348820		ultra_rare 0.0008
22	36923316		ultra_rare 0.0008
22	37757733		ultra_rare 0.0008
22	38129589		ultra_rare 0.0008
22	38745863		ultra_rare 0.0008
22	39377686		ultra_rare 0.0008
22	40679499		ultra_rare 0.0008
22	41176880		ultra_rare 0.0008
22	41524908		ultra_rare 0.0008
22	41926672		ultra_rare 0.0008
22	42129910		ultra_rare 0.0008
22	45408740		ultra_rare 0.0008
22	45525417		ultra_rare 0.0008
22	46335699		ultra_rare 0.0008
22	46366981		ultra_rare 0.0008
22	50218051		ultra_rare 0.0008
22	50219824		ultra_rare 0
22	50461028		ultra_rare 0.0008
22	50704114		ultra_rare 0.0008
3	1373043		ultra_rare 0.0008
3	4410775		ultra_rare 0.0008
3	4685250		ultra_rare 0.0008
3	4815255		ultra_rare 0.0008
3	8745494		ultra_rare 0.0008
3	9013751		ultra_rare 0.0008
3	10149952		ultra_rare 0.0008
3	12405910		ultra_rare 0.0008
3	14484958		ultra_rare 0
3	27431722		ultra_rare 0.0008
3	32146880		ultra_rare 0.0008
3	38551641		ultra_rare 0.0008
3	38581215		ultra_rare 0.0008
3	38728741		ultra_rare 0.0008
3	41239062		ultra_rare 0.0008
3	42692083		ultra_rare 0.0008
3	43718710		ultra_rare 0.0008
3	45760079		ultra_rare 0.0008
3	45833377		ultra_rare 0.0008
3	45980057		ultra_rare 0.0008
3	46683282		ultra_rare 0.0008
3	46686509		ultra_rare 0.0008
3	47002700		ultra_rare 0.0008
3	47057304		ultra_rare 0.0008
3	48587729		ultra_rare 0.0008
3	49130255		ultra_rare 0.0008
3	52784490		ultra_rare 0.0008
3	52813546		ultra_rare 0
3	52823754		ultra_rare 0.0008
3	53745815		ultra_rare 0.0008
3	53779802		ultra_rare 0.0008
3	70957681		ultra_rare 0.0008
3	70966017		ultra_rare 0.0008
3	71130617		ultra_rare 0.0008
3	77040676		ultra_rare 0.0008
3	78635748		ultra_rare 0.0008
3	81499058		ultra_rare 0.0008
3	81761473		ultra_rare 0.0008
3	101226819		ultra_rare 0.0008
3	105704108		ultra_rare 0.0008
3	108470915		ultra_rare 0.0008
3	108486468		ultra_rare 0.0008
3	108498199		ultra_rare 0.0008
3	119916184		ultra_rare 0
3	121632083		ultra_rare 0
3	121632169		ultra_rare 0.0008
3	121799389		ultra_rare 0.0008
3	124326036		ultra_rare 0.0008
3	124923739		ultra_rare 0.0008
3	126488237		ultra_rare 0.0008
3	128909019		ultra_rare 0.0008
3	129061988		ultra_rare 0.0008
3	129575783		ultra_rare 0.0008
3	130233678		ultra_rare 0.0008
3	130269107		ultra_rare 0.0008
3	130272721		ultra_rare 0.0008
3	130388973		ultra_rare 0.0008
3	142562488		ultra_rare 0.0008
3	143795042		ultra_rare 0.0008
3	155142066		ultra_rare 0.0008
3	159993053		ultra_rare 0.0008
3	160375973		ultra_rare 0.0008
3	167695871		ultra_rare 0.0008
3	179203465		ultra_rare 0
3	179589076		ultra_rare 0.0008
3	179593988		ultra_rare 0.0008
3	180988128		ultra_rare 0.0008
3	183508290		ultra_rare 0.0008
3	184135519		ultra_rare 0.0008
3	184328932		ultra_rare 0.0008
3	185204342		ultra_rare 0.0008
3	185477300		ultra_rare 0.0008
3	185480470		ultra_rare 0.0008
3	185524032		ultra_rare 0.0008
3	186671766		ultra_rare 0.0008
3	186677684		ultra_rare 0.0008
3	187221227		ultra_rare 0.0008
3	187728514		ultra_rare 0.0008
3	187728524		ultra_rare 0.0008
3	195747221		ultra_rare 0.0008
3	196238854		ultra_rare 0.0008
3	196247412		ultra_rare 0.0008
3	197004007		ultra_rare 0.0008
3	197015327		ultra_rare 0.0008
3	197029818		ultra_rare 0.0008
4	665161		ultra_rare 0.0008
4	672527		ultra_rare 0.0008
4	849806		ultra_rare 0.0008
4	1090600		ultra_rare 0.0008
4	1375477		ultra_rare 0.0008
4	1803671		ultra_rare 0.0008
4	1804877		ultra_rare 0.0008
4	1806137		ultra_rare 0.0008
4	1918153		ultra_rare 0.0008
4	1939872		ultra_rare 0.0008
4	1958042		ultra_rare 0.0008
4	1978803		ultra_rare 0.0008
4	3125535		ultra_rare 0.0008
4	3214304		ultra_rare 0.0008
4	3473507		ultra_rare 0.0008
4	6880896		ultra_rare 0.0008
4	10528158		ultra_rare 0.0008
4	10542379		ultra_rare 0.0008
4	15712033		ultra_rare 0.0008
4	41746113		ultra_rare 0.0008
4	42963240		ultra_rare 0.0008
4	47590979		ultra_rare 0.0008
4	55087825		ultra_rare 0.0008
4	65669378		ultra_rare 0.0008
4	76710131		ultra_rare 0.0008
4	76754500		ultra_rare 0.0008
4	78369708		ultra_rare 0.0008
4	78387319		ultra_rare 0.0008
4	78430255		ultra_rare 0.0008
4	78865833		ultra_rare 0.0008
4	82427950		ultra_rare 0.0008
4	84643016		ultra_rare 0.0008
4	86948439		ultra_rare 0.0008
4	87130936		ultra_rare 0.0008
4	87811871		ultra_rare 0.0008
4	94585540		ultra_rare 0.0008
4	98881124		ultra_rare 0.0008
4	99611449		ultra_rare 0.0008
4	105240700		ultra_rare 0.0008
4	105242714		ultra_rare 0.0008
4	105276128		ultra_rare 0.0008
4	108920667		ultra_rare 0.0008
4	109993339		ultra_rare 0.0008
4	113232155		ultra_rare 0.0008
4	113318588		ultra_rare 0.0008
4	113339350		ultra_rare 0.0008
4	118332003		ultra_rare 0.0008
4	118352684		ultra_rare 0.0008
4	144119688		ultra_rare 0.0008
4	147535859		ultra_rare 0.0008
4	153705258		ultra_rare 0.0008
4	154611888		ultra_rare 0.0008
4	155903728		ultra_rare 0.0008
4	157136777		ultra_rare 0.0008
4	177431151		ultra_rare 0.0008
4	184390802		ultra_rare 0.0008
4	185502211		ultra_rare 0.0008
4	185514122		ultra_rare 0.0008
5	376690		ultra_rare 0.0008
5	432880		ultra_rare 0.0008
5	1272434		ultra_rare 0.0008
5	1278776		ultra_rare 0.0008
5	1414758		ultra_rare 0.0008
5	1442849		ultra_rare 0.0008
5	6742390		ultra_rare 0.0008
5	10258108		ultra_rare 0.0008
5	11117421		ultra_rare 0.0008
5	11397391		ultra_rare 0.0008
5	13721108		ultra_rare 0
5	13922181		ultra_rare 0.0008
5	14378004		ultra_rare 0.0008
5	14507274		ultra_rare 0.0008
5	32780759		ultra_rare 0.0008
5	34911795		ultra_rare 0.0008
5	34914862		ultra_rare 0.0008
5	35876900		ultra_rare 0
5	35877512		ultra_rare 0.0008
5	36683802		ultra_rare 0.0008
5	39390323		ultra_rare 0.0008
5	39390453		ultra_rare 0.0008
5	51391331		ultra_rare 0.0008
5	60874666		ultra_rare 0.0008
5	69254629		ultra_rare 0.0008
5	71562352		ultra_rare 0.0008
5	73909983		ultra_rare 0.0008
5	76733367		ultra_rare 0.0008
5	77411750		ultra_rare 0.0008
5	80655114		ultra_rare 0.0008
5	83541624		ultra_rare 0.0008
5	90635129		ultra_rare 0.0008
5	90705409		ultra_rare 0.0008
5	91164027		ultra_rare 0.0008
5	96740935		ultra_rare 0.0008
5	112766262		ultra_rare 0.0008
5	112767263		ultra_rare 0
5	112821788		ultra_rare 0.0008
5	119506684		ultra_rare 0.0008
5	128537577		ultra_rare 0.0008
5	136225347		ultra_rare 0.0008
5	138568883		ultra_rare 0.0008
5	140557517		ultra_rare 0.0008
5	140858383		ultra_rare 0.0008
5	143314229		ultra_rare 0.0008
5	149833497		ultra_rare 0.0008
5	149944290		ultra_rare 0.0008
5	149978386		ultra_rare 0.0008
5	150053530		ultra_rare 0
5	150056164		ultra_rare 0.0008
5	150115880		ultra_rare 0.0008
5	150135008		ultra_rare 0.0008
5	150135742		ultra_rare 0.0008
5	157032778		ultra_rare 0.0008
5	157217919		ultra_rare 0.0008
5	175683815		ultra_rare 0.0008
5	177257194		ultra_rare 0.0008
5	177389580		ultra_rare 0.0008
5	177607377		ultra_rare 0.0008
5	178149709		ultra_rare 0.0008
5	178151032		ultra_rare 0.0008
5	180313831		ultra_rare 0.0008
5	180620429		ultra_rare 0.0008
5	180792460		ultra_rare 0.0008
6	2948483		ultra_rare 0.0008
6	7563808		ultra_rare 0.0008
6	7580705		ultra_rare 0.0008
6	10398750		ultra_rare 0.0008
6	13205861		ultra_rare 0.0008
6	15523103		ultra_rare 0.0008
6	15523807		ultra_rare 0.0008
6	24576492		ultra_rare 0.0008
6	25819245		ultra_rare 0.0008
6	26468517		ultra_rare 0.0008
6	26501923		ultra_rare 0.0008
6	28287150		ultra_rare 0.0008
6	28296971		ultra_rare 0.0008
6	29670538		ultra_rare 0.0008
6	30664807		ultra_rare 0.0008
6	30885261		ultra_rare 0.0008
6	31572704		ultra_rare 0.0008
6	31637510		ultra_rare 0.0008
6	31951120		ultra_rare 0.0008
6	32394774		ultra_rare 0.0008
6	33684659		ultra_rare 0.0008
6	33685851		ultra_rare 0.0008
6	35079593		ultra_rare 0.0008
6	35458422		ultra_rare 0.0008
6	35459358		ultra_rare 0.0008
6	38192275		ultra_rare 0.0008
6	38870428		ultra_rare 0.0008
6	38929689		ultra_rare 0.0008
6	41031943		ultra_rare 0.0008
6	42965834		ultra_rare 0.0008
6	43049516		ultra_rare 0.0008
6	43056404		ultra_rare 0.0008
6	43132222		ultra_rare 0.0008
6	43301324		ultra_rare 0.0008
6	43780698		ultra_rare 0
6	43782034		ultra_rare 0.0008
6	44230309		ultra_rare 0.0008
6	44230706		ultra_rare 0.0008
6	44302407		ultra_rare 0.0008
6	49708909		ultra_rare 0.0008
6	52420335		ultra_rare 0.0008
6	56635744		ultra_rare 0.0008
6	69697452		ultra_rare 0.0008
6	69713603		ultra_rare 0.0008
6	71968957		ultra_rare 0.0008
6	72265369		ultra_rare 0.0008
6	75180904		ultra_rare 0.0008
6	78965615		ultra_rare 0.0008
6	85619632		ultra_rare 0.0008
6	87506430		ultra_rare 0.0008
6	87531001		ultra_rare 0.0008
6	89745632		ultra_rare 0.0008
6	100516187		ultra_rare 0.0008
6	104730500		ultra_rare 0.0008
6	107635100		ultra_rare 0.0008
6	107912890		ultra_rare 0.0008
6	109727274		ultra_rare 0.0008
6	116931252		ultra_rare 0.0008
6	129165691		ultra_rare 0.0008
6	129460169		ultra_rare 0.0008
6	131618568		ultra_rare 0.0008
6	131873134		ultra_rare 0.0008
6	134173014		ultra_rare 0.0008
6	134918804		ultra_rare 0.0008
6	135187931		ultra_rare 0
6	137198474		ultra_rare 0.0008
6	137206020		ultra_rare 0.0008
6	139374118		ultra_rare 0.0008
6	144422035		ultra_rare 0.0008
6	144426294		ultra_rare 0.0008
6	144426372		ultra_rare 0.0008
6	144516366		ultra_rare 0.0008
6	144522023		ultra_rare 0.0008
6	150938598		ultra_rare 0.0008
6	152214999		ultra_rare 0
6	152218961		ultra_rare 0
6	152352178		ultra_rare 0.0008
6	159681751		ultra_rare 0.0008
6	160398136		ultra_rare 0.0008
6	163455539		ultra_rare 0.0008
6	168509964		ultra_rare 0.0008
6	169222228		ultra_rare 0.0008
6	170557135		ultra_rare 0
7	754506		ultra_rare 0.0008
7	2539222		ultra_rare 0.0008
7	2539976		ultra_rare 0.0008
7	2906761		ultra_rare 0.0008
7	2913278		ultra_rare 0.0008
7	11406510		ultra_rare 0.0008
7	13935785		ultra_rare 0.0008
7	21589153		ultra_rare 0.0008
7	21735630		ultra_rare 0.0008
7	21807826		ultra_rare 0.0008
7	21884499		ultra_rare 0.0008
7	21894919		ultra_rare 0.0008
7	22978378		ultra_rare 0.0008
7	23167728		ultra_rare 0.0008
7	35250249		ultra_rare 0.0008
7	37850432		ultra_rare 0.0008
7	44065568		ultra_rare 0.0008
7	44534419		ultra_rare 0.0008
7	44539512		ultra_rare 0.0008
7	44624310		ultra_rare 0.0008
7	44674630		ultra_rare 0.0008
7	47835069		ultra_rare 0.0008
7	47837190		ultra_rare 0.0008
7	47840643		ultra_rare 0.0008
7	48317160		ultra_rare 0.0008
7	48371968		ultra_rare 0.0008
7	50403896		ultra_rare 0.0008
7	50467222		ultra_rare 0.0008
7	50619420		ultra_rare 0.0008
7	56019607		ultra_rare 0.0008
7	70118112		ultra_rare 0.0008
7	74048295		ultra_rare 0.0008
7	74109066		ultra_rare 0.0008
7	74705170		ultra_rare 0.0008
7	75883918		ultra_rare 0.0008
7	75888226		ultra_rare 0.0008
7	86838787		ultra_rare 0.0008
7	91265674		ultra_rare 0.0008
7	92045091		ultra_rare 0.0008
7	92084581		ultra_rare 0.0008
7	97853172		ultra_rare 0.0008
7	100627723		ultra_rare 0.0008
7	100641399		ultra_rare 0.0008
7	100775820		ultra_rare 0.0008
7	101133943		ultra_rare 0.0008
7	102255926		ultra_rare 0.0008
7	102256133		ultra_rare 0.0008
7	102256435		ultra_rare 0.0008
7	102256452		ultra_rare 0.0008
7	102256475		ultra_rare 0.0008
7	105112391		ultra_rare 0.0008
7	107324511		ultra_rare 0.0008
7	111739569		ultra_rare 0.0008
7	113879614		ultra_rare 0.0008
7	114628513		ultra_rare 0.0008
7	116525177		ultra_rare 0.0008
7	116699551		ultra_rare 0.0008
7	116781905		ultra_rare 0.0008
7	117757814		ultra_rare 0.0008
7	122091605		ultra_rare 0.0008
7	128772564		ultra_rare 0
7	128844941		ultra_rare 0.0008
7	128947188		ultra_rare 0.0008
7	129014864		ultra_rare 0.0008
7	129205837		ultra_rare 0.0008
7	129210893		ultra_rare 0.0008
7	130398926		ultra_rare 0.0008
7	134447316		ultra_rare 0.0008
7	134448416		ultra_rare 0.0008
7	138732946		ultra_rare 0.0008
7	140734381		ultra_rare 0.0008
7	140754342		ultra_rare 0.0008
7	144398398		ultra_rare 0.0008
7	147562239		ultra_rare 0.0008
7	148810442		ultra_rare 0.0008
7	148810442		ultra_rare 0.0008
7	148818007		ultra_rare 0.0008
7	150474457		ultra_rare 0.0008
7	150477181		ultra_rare 0.0008
7	150951593		ultra_rare 0.0008
7	150959358		ultra_rare 0.0008
7	151557346		ultra_rare 0.0008
7	151560411		ultra_rare 0.0008
7	151560621		ultra_rare 0.0008
7	151675487		ultra_rare 0.0008
7	152135856		ultra_rare 0.0008
7	152229891		ultra_rare 0.0008
7	154475211		ultra_rare 0.0008
7	154889283		ultra_rare 0.0008
7	156724008		ultra_rare 0.0008
7	157267802		ultra_rare 0.0008
7	157382194		ultra_rare 0.0008
7	157409934		ultra_rare 0.0008
7	158871517		ultra_rare 0.0008
8	1925280		ultra_rare 0.0008
8	2942527		ultra_rare 0.0008
8	3091698		ultra_rare 0.0008
8	3409430		ultra_rare 0.0008
8	6444505		ultra_rare 0.0008
8	8318147		ultra_rare 0
8	11749093		ultra_rare 0.0008
8	11845576		ultra_rare 0.0008
8	16168340		ultra_rare 0.0008
8	16178008		ultra_rare 0.0008
8	17558199		ultra_rare 0.0008
8	17621247		ultra_rare 0.0008
8	17646088		ultra_rare 0.0008
8	17654418		ultra_rare 0.0008
8	17743666		ultra_rare 0.0008
8	17960215		ultra_rare 0.0008
8	18059415		ultra_rare 0.0008
8	22116436		ultra_rare 0.0008
8	22247776		ultra_rare 0.0008
8	23028422		ultra_rare 0
8	27430947		ultra_rare 0.0008
8	28717632		ultra_rare 0.0008
8	31096861		ultra_rare 0.0008
8	31147124		ultra_rare 0.0008
8	38329567		ultra_rare 0.0008
8	41724474		ultra_rare 0.0008
8	47893252		ultra_rare 0.0008
8	47961614		ultra_rare 0.0008
8	48919915		ultra_rare 0.0008
8	56009921		ultra_rare 0.0008
8	56441807		ultra_rare 0
8	58494380		ultra_rare 0.0008
8	66445271		ultra_rare 0.0008
8	68133935		ultra_rare 0.0008
8	71298937		ultra_rare 0.0008
8	74365797		ultra_rare 0.0008
8	76778241		ultra_rare 0.0008
8	86643780		ultra_rare 0.0008
8	93755021		ultra_rare 0.0008
8	93923490		ultra_rare 0.0008
8	98767332		ultra_rare 0.0008
8	99511429		ultra_rare 0.0008
8	99875697		ultra_rare 0.0008
8	101577259		ultra_rare 0.0008
8	105801023		ultra_rare 0.0008
8	112237369		ultra_rare 0.0008
8	112682648		ultra_rare 0.0008
8	112976226		ultra_rare 0.0008
8	116648769		ultra_rare 0.0008
8	123785234		ultra_rare 0.0008
8	131940480		ultra_rare 0.0008
8	132163631		ultra_rare 0.0008
8	132888200		ultra_rare 0.0008
8	132901544		ultra_rare 0.0008
8	132919524		ultra_rare 0
8	140544385		ultra_rare 0.0008
8	142664978		ultra_rare 0.0008
8	142681441		ultra_rare 0.0008
8	143729399		ultra_rare 0.0008
8	143920347		ultra_rare 0.0008
8	143923855		ultra_rare 0.0008
8	143929741		ultra_rare 0.0008
8	143930644		ultra_rare 0.0008
8	143935798		ultra_rare 0.0008
8	144415137		ultra_rare 0.0008
8	144515769		ultra_rare 0.0008
9	740663		ultra_rare 0.0008
9	2032783		ultra_rare 0.0008
9	2033227		ultra_rare 0.0008
9	2047395		ultra_rare 0.0008
9	5064973		ultra_rare 0.0008
9	5127909		ultra_rare 0.0008
9	8314943		ultra_rare 0.0008
9	8341723		ultra_rare 0.0008
9	8389427		ultra_rare 0.0008
9	8454418		ultra_rare 0.0008
9	8526708		ultra_rare 0.0008
9	8526737		ultra_rare 0.0008
9	10612503		ultra_rare 0.0008
9	14737373		ultra_rare 0.0008
9	21974861		ultra_rare 0.0008
9	22096511		ultra_rare 0.0008
9	27548430		ultra_rare 0.0008
9	27565467		ultra_rare 0.0008
9	32974594		ultra_rare 0.0008
9	34483541		ultra_rare 0.0008
9	35065315		ultra_rare 0.0008
9	35089988		ultra_rare 0.0008
9	35720426		ultra_rare 0.0008
9	36222901		ultra_rare 0
9	36837204		ultra_rare 0.0008
9	36837515		ultra_rare 0.0008
9	36839407		ultra_rare 0.0008
9	36839692		ultra_rare 0.0008
9	37015283		ultra_rare 0.0008
9	37430724		ultra_rare 0.0008
9	69252934		ultra_rare 0.0008
9	77384534		ultra_rare 0.0008
9	77434625		ultra_rare 0.0008
9	84810716		ultra_rare 0.0008
9	84948648		ultra_rare 0.0008
9	92080918		ultra_rare 0.0008
9	93018140		ultra_rare 0.0008
9	93126638		ultra_rare 0.0008
9	93529301		ultra_rare 0.0008
9	94605464		ultra_rare 0.0008
9	95111352		ultra_rare 0.0008
9	95445728		ultra_rare 0.0008
9	95467590		ultra_rare 0.0008
9	104794487		ultra_rare 0.0008
9	104803250		ultra_rare 0.0008
9	114406741		ultra_rare 0.0008
9	115041147		ultra_rare 0.0008
9	116344537		ultra_rare 0.0008
9	120453884		ultra_rare 0.0008
9	121286075		ultra_rare 0.0008
9	121318267		ultra_rare 0.0008
9	121329219		ultra_rare 0.0008
9	122378508		ultra_rare 0.0008
9	127807332		ultra_rare 0.0008
9	128353519		ultra_rare 0.0008
9	128607781		ultra_rare 0.0008
9	128613318		ultra_rare 0.0008
9	128634568		ultra_rare 0.0008
9	128636587		ultra_rare 0.0008
9	130466774		ultra_rare 0.0008
9	130871951		ultra_rare 0.0008
9	131507432		ultra_rare 0.0008
9	131625982		ultra_rare 0.0008
9	132989681		ultra_rare 0.0008
9	133071673		ultra_rare 0.0008
9	133101807		ultra_rare 0.0008
9	133425950		ultra_rare 0.0008
9	133539642		ultra_rare 0.0008
9	133690237		ultra_rare 0.0008
9	134782539		ultra_rare 0.0008
9	134823084		ultra_rare 0.0008
9	134825964		ultra_rare 0.0008
9	134835257		ultra_rare 0.0008
9	134885712		ultra_rare 0.0008
9	134909742		ultra_rare 0.0008
9	135756749		ultra_rare 0.0008
9	135770115		ultra_rare 0.0008
9	135792094		ultra_rare 0.0008
9	136205043		ultra_rare 0.0008
9	136412235		ultra_rare 0
9	136418157		ultra_rare 0.0008
9	136496027		ultra_rare 0.0008
9	136497258		ultra_rare 0.0008
9	136499128		ultra_rare 0.0008
9	136501713		ultra_rare 0.0008
9	136501880		ultra_rare 0.0008
9	136506677		ultra_rare 0.0008
9	136511234		ultra_rare 0.0008
9	137011400		ultra_rare 0.0008
9	137192674		ultra_rare 0.0008
9	137231698		ultra_rare 0.0008
9	137716851		ultra_rare 0.0008
X	73850184		ultra_rare 0
